   0.579   0.579   0.579   0.579   0.579   0.578   0.578   0.578   0.578   0.578   0.578   0.578   0.578   0.578   0.578   0.578   0.578
   0.579   0.579   0.579   0.579   0.578   0.578   0.578   0.578   0.578   0.578   0.578   0.578   0.578   0.577   0.577   0.577   0.577
   0.579   0.579   0.579   0.579   0.578   0.578   0.578   0.578   0.578   0.577   0.577   0.577   0.577   0.577   0.577   0.576   0.576
   0.579   0.579   0.579   0.579   0.579   0.579   0.579   0.578   0.578   0.578   0.578   0.578   0.578   0.578   0.578   0.578   0.578
   0.579   0.579   0.579   0.578   0.578   0.578   0.578   0.578   0.578   0.577   0.577   0.577   0.577   0.577   0.576   0.576   0.576
   0.579   0.579   0.579   0.578   0.578   0.578   0.578   0.578   0.578   0.577   0.577   0.577   0.577   0.577   0.577   0.577   0.577
   0.579   0.579   0.579   0.579   0.579   0.579   0.579   0.579   0.579   0.579   0.579   0.579   0.579   0.579   0.579   0.580   0.580
   0.579   0.579   0.580   0.580   0.580   0.580   0.581   0.581   0.581   0.582   0.582   0.582   0.582   0.583   0.583   0.583   0.584
   0.579   0.579   0.579   0.579   0.579   0.578   0.578   0.578   0.578   0.578   0.578   0.578   0.578   0.578   0.578   0.577   0.577
   0.579   0.579   0.579   0.579   0.579   0.578   0.578   0.578   0.578   0.578   0.578   0.578   0.578   0.577   0.577   0.577   0.577
   0.579   0.579   0.580   0.580   0.580   0.581   0.581   0.581   0.582   0.582   0.582   0.583   0.583   0.583   0.584   0.584   0.584
   0.579   0.579   0.579   0.579   0.579   0.579   0.579   0.579   0.579   0.579   0.579   0.579   0.578   0.578   0.578   0.578   0.578
   0.579   0.579   0.579   0.579   0.578   0.578   0.578   0.578   0.578   0.578   0.578   0.577   0.577   0.577   0.577   0.577   0.577
   0.579   0.579   0.579   0.579   0.579   0.579   0.579   0.579   0.578   0.578   0.578   0.578   0.578   0.578   0.578   0.578   0.578
   0.579   0.579   0.580   0.580   0.581   0.581   0.582   0.582   0.583   0.583   0.583   0.584   0.584   0.585   0.585   0.586   0.586
   0.579   0.579   0.578   0.578   0.578   0.578   0.577   0.577   0.577   0.576   0.576   0.576   0.575   0.575   0.575   0.574   0.574
   0.579   0.579   0.579   0.580   0.580   0.580   0.580   0.580   0.580   0.580   0.581   0.581   0.581   0.581   0.581   0.581   0.581
   0.579   0.579   0.579   0.579   0.579   0.579   0.579   0.579   0.579   0.579   0.579   0.579   0.579   0.579   0.579   0.579   0.579
   0.579   0.579   0.579   0.579   0.579   0.579   0.579   0.578   0.578   0.578   0.578   0.578   0.578   0.578   0.578   0.578   0.578
   0.579   0.579   0.579   0.579   0.580   0.580   0.580   0.580   0.580   0.580   0.580   0.580   0.581   0.581   0.581   0.581   0.581
   0.579   0.579   0.579   0.579   0.578   0.578   0.578   0.578   0.578   0.578   0.578   0.577   0.577   0.577   0.577   0.577   0.577
   0.579   0.579   0.580   0.580   0.580   0.580   0.581   0.581   0.581   0.581   0.582   0.582   0.582   0.582   0.583   0.583   0.583
   0.579   0.579   0.579   0.578   0.578   0.578   0.578   0.578   0.578   0.577   0.577   0.577   0.577   0.577   0.577   0.577   0.576
   0.579   0.579   0.580   0.580   0.580   0.580   0.581   0.581   0.581   0.581   0.582   0.582   0.582   0.582   0.583   0.583   0.583
   0.579   0.579   0.579   0.579   0.578   0.578   0.578   0.578   0.578   0.578   0.578   0.578   0.578   0.577   0.577   0.577   0.577
   0.579   0.579   0.579   0.579   0.579   0.579   0.579   0.579   0.579   0.580   0.580   0.580   0.580   0.580   0.580   0.580   0.580
   0.579   0.579   0.579   0.579   0.579   0.579   0.579   0.579   0.579   0.579   0.579   0.579   0.579   0.579   0.579   0.579   0.579
   0.579   0.579   0.579   0.579   0.579   0.579   0.580   0.580   0.580   0.580   0.580   0.580   0.580   0.580   0.580   0.580   0.580
   0.579   0.579   0.579   0.579   0.579   0.579   0.579   0.579   0.579   0.579   0.579   0.579   0.579   0.579   0.579   0.579   0.578
   0.579   0.579   0.579   0.579   0.579   0.579   0.579   0.579   0.578   0.578   0.578   0.578   0.578   0.578   0.578   0.578   0.578
   0.579   0.579   0.579   0.579   0.579   0.578   0.578   0.578   0.578   0.578   0.578   0.578   0.578   0.578   0.577   0.577   0.577